-1.62148729549353e-01
1.85747330620612e-02
2.04219248597899e-01
-2.21473675148035e-01
-3.09191480288196e-02
1.35594352617441e-01
-9.80821087931268e-03
-1.77018546151606e-01
-8.26964323623294e-02
6.09012538968862e-02
1.53815135943125e-01
-4.22365237273005e-02
-4.58051866756354e-02
2.58331605557115e-03
4.26322321227762e-02
3.96585177077828e-02
1.05705369754366e-02
-7.73946848084655e-03
5.88980319807953e-02
-5.29026596434231e-02
-7.22520086852105e-02
-2.15124762214741e-01
8.66745394552838e-02
4.06138136687796e-02
