0.00000000000000e+00
0.00000000000000e+00
-1.71779433185528e-02
1.18115183976830e-02
1.16198212561115e-02
1.09627704810505e-02
1.96281549103621e-02
-9.24232276466826e-03
-1.03640083405622e-02
1.06016956033596e-02
5.19852103194879e-02
-4.77306832233801e-02
5.66770427636796e-02
-4.21391888539282e-02
5.76964090204357e-03
-3.76749957551771e-02
1.31022167509796e-02
-2.87835601873123e-02
0.00000000000000e+00
0.00000000000000e+00
0.00000000000000e+00
0.00000000000000e+00
1.97858599349411e-02
1.77483431278735e-02
-2.00050872305255e-03
-4.76111937818862e-04
1.06564774050268e-02
-2.63749350231900e-02
-4.50343444717433e-03
-1.53084947402507e-02
-4.02067124294504e-02
-4.30996570781148e-02
-1.28833796159129e-02
-4.03726608993080e-02
1.52717738075578e-02
-2.84934817030904e-02
-1.30079153142389e-02
-7.75817297020827e-02
0.00000000000000e+00
0.00000000000000e+00
0.00000000000000e+00
0.00000000000000e+00
-1.37054576545437e-01
-1.69546830084997e-01
-1.56415509030503e-01
-1.66001130620423e-01
-1.19032814819813e-01
-6.53631015915481e-02
-1.18036147882882e-01
-1.48473603101436e-01
-1.45708521236256e-01
-8.38602263563249e-02
-7.81781204203331e-03
-4.91847315059209e-02
-9.12393486544374e-02
4.60018658484831e-02
1.08106208207559e-01
8.59185418317930e-02
0.00000000000000e+00
0.00000000000000e+00
0.00000000000000e+00
0.00000000000000e+00
-6.53706951432533e-02
-9.50756409471423e-02
-3.38442885208453e-02
-5.27099327695411e-02
-5.66026907398501e-03
-8.39329564840689e-02
-1.45758050481460e-01
-1.38700152094803e-01
-1.36608644990856e-01
-5.63520503979568e-02
-1.89851551073612e-02
-7.21519546867965e-02
-1.27770958712699e-03
9.02495645414288e-02
1.16340132895279e-01
1.66144108127521e-01
0.00000000000000e+00
0.00000000000000e+00
0.00000000000000e+00
0.00000000000000e+00
6.86419222821597e-02
9.45908687589540e-02
7.66352998476342e-02
9.74254471654503e-02
9.13505569381974e-02
8.92622007181071e-02
5.48973786223815e-02
1.83808727105441e-02
1.17495431982020e-02
-3.84854296963464e-02
-1.51290433270361e-02
3.00479127917597e-02
-3.62659485679345e-02
2.17017510739807e-02
2.32571509925370e-02
2.31541427755561e-02
0.00000000000000e+00
0.00000000000000e+00
0.00000000000000e+00
0.00000000000000e+00
-6.01018696215782e-02
-4.66191949001499e-02
-5.37500948687841e-02
-6.31941703647459e-02
-8.14359794106132e-02
-6.58619298157867e-02
-4.81766315885258e-02
-3.36294603614688e-02
-3.81161028898319e-02
-5.94364098568224e-02
-9.29875503566980e-02
-9.74788927070298e-02
-1.37599407911503e-01
-1.39261921322569e-01
-1.11564400163953e-01
-1.14789574780291e-01
0.00000000000000e+00
0.00000000000000e+00
0.00000000000000e+00
0.00000000000000e+00
-5.59301141457106e-02
-2.41548341886846e-02
2.20879162785227e-02
2.49494271372932e-02
-2.34140069668761e-02
5.55996676321702e-02
-3.24274847696869e-02
-1.99904822297665e-02
3.70839159265332e-03
-6.61894680616911e-02
-6.34900438725783e-02
-7.87084182183826e-03
-6.31649554633649e-02
5.31099223197249e-03
-1.38290766811456e-02
-1.09233414946748e-01
0.00000000000000e+00
0.00000000000000e+00
0.00000000000000e+00
0.00000000000000e+00
-1.90092598586312e-02
-2.02303563824570e-02
4.52284783861829e-03
-1.23142885958530e-02
-4.72957489428317e-02
-3.60857322676770e-02
-1.98188666145789e-02
2.49721304023823e-02
-1.38550091355462e-01
8.72984145730862e-02
3.14887341183442e-02
1.43715421807169e-02
-6.23360021698107e-02
5.42255027485226e-02
1.23329893472921e-01
-1.05972231193047e-01
0.00000000000000e+00
0.00000000000000e+00
